-20	15.654767
-17.896551	19.217329
-15.793103	19.936918
-13.689655	22.936045
-11.586206	27.728399
-9.4827585	71.953354
-7.3793101	205.87747
-5.2758622	456.50534
-3.1724138	602.45996
-1.0689656	437.48846
1.0344827	215.01944
3.1379311	54.280418
5.2413793	24.849804
7.3448277	22.381254
9.4482756	21.425337
11.551724	24.672413
13.655172	20.511524
15.75862	18.770653
17.862068	19.89747
19.965517	21.028572
22.068966	18.8251
24.172413	18.389477
26.275862	21.237978
28.379311	20.600779
30.482759	22.722319
32.586208	19.549911
34.689655	16.221001
36.793102	21.17658
38.896553	16.830124
41	16.333334
43.103447	19.374561
45.206898	19.181767
47.310345	21.15292
49.413792	21.746288
51.517242	18.904995
53.620689	15.421766
55.724136	15.398528
57.827587	18.573929
59.931034	18.965122
62.034481	21.238171
64.137932	20.666666
66.241379	20.739943
68.344826	28.825171
70.448273	34.288979
72.551727	45.2407
74.655174	49.398609
76.758621	56.987041
78.862068	68.88353
80.965515	76.878494
83.068962	79.160019
85.172417	83.347137
87.275864	85.960052
89.379311	80.714882
91.482758	80.630867
93.586205	77.158379
95.689651	78.378342
97.793106	82.05265
99.896553	83.613739
102	77.028831
104.10345	78.019112
106.20689	72.09008
108.31035	70.81205
110.4138	69.249535
112.51724	71.505707
114.62069	72.421616
116.72414	71.805908
118.82758	72.333336
120.93104	72.21637
123.03448	71.515427
125.13793	71.946236
127.24138	77.219704
129.34483	76.370193
131.44827	74.034424
133.55173	74.661964
135.65517	72.487587
137.75862	70.583168
139.86208	70.333336
141.96552	73.874886
144.06897	74.766228
146.17241	72.735497
148.27586	74.795052
150.3793	71.70443
152.48276	66.36998
154.58621	66.221336
156.68965	69.878899
158.79311	72.265938
160.89655	65.089851
163	63.103634
165.10345	66.333336
167.20689	66.333336
169.31035	66.296898
171.41379	65.035728
173.51724	67.756195
175.6207	66.558212
177.72414	57.951187
179.82759	56
181.93103	60.227814
184.03448	62
186.13792	64.79586
188.24138	62.292557
190.34483	62.953255
192.44827	66.005241
194.55173	62.508118
196.65517	59.666668
198.75862	58.60828
200.86208	57.425739
202.96552	62.062401
205.06897	61.240372
207.17241	54.825062
209.27586	60.024426
211.3793	60.658241
213.48276	60.979244
215.58621	61.592632
217.68965	58.867031
219.79311	65.193413
221.89655	62.789265
224	69.675491
226.10345	65.99749
228.20689	65.399055
230.31035	64.351593
232.41379	65.373795
234.51724	69.152924
236.6207	66.859978
238.72414	63.333328
240.82759	61.731228
242.93103	60.072174
245.03448	64.74308
247.13792	64.325905
249.24138	61.98251
251.34483	65.403687
253.44827	60.117004
255.55173	68.61937
257.65518	61.291801
259.75861	66.81768
261.86206	69.083176
263.96552	62.954502
266.06897	66.40345
268.17242	67.91555
270.27585	69.174088
272.3793	67.899536
274.48276	65.758537
276.58621	65.772293
278.68967	67.767609
280.79309	70.159195
282.89655	72.550171
285	76.217667
287.10345	75.453629
289.20691	69.559586
291.31033	72.048508
293.41379	76.786522
295.51724	83.972801
297.6207	95.560387
299.72415	100.27239
301.82758	102.33981
303.93103	87.602905
306.03448	86.361923
308.13794	75.13868
310.24139	85.144226
312.34482	76.524696
314.44827	73.912582
316.55173	80.391891
318.65518	72.011398
320.75861	70.179222
322.86206	72.287498
324.96552	69.74559
327.06897	67.22937
329.17242	68.75882
331.27585	71.580727
333.3793	70.061325
335.48276	68.349556
337.58621	65.232086
339.68967	62.428719
341.79309	66.864891
343.89655	68.802979
346	67.196266
348.10345	69.078384
350.20691	63.409069
352.31033	65.390144
354.41379	63.131657
356.51724	62.191216
358.6207	65.33284
360.72415	63.938915
362.82758	64.821854
364.93103	57.44083
367.03448	55.321697
369.13794	69.23877
371.24139	63.092102
373.34482	66.50631
375.44827	66.666664
377.55173	68.763557
379.65518	57.686615
381.75861	60.491299
383.86206	58.347778
385.96552	57.142246
388.06897	56.747078
390.17242	58.861282
392.27585	57.317574
394.3793	59.498161
396.48276	59.044331
398.58621	58
400.68967	54.199162
402.79309	54.731419
404.89655	56.084301
407	58.654949
409.10345	58.168194
411.20691	56.726589
413.31033	55.390293
415.41379	53.70639
417.51724	55.314819
419.6207	53.601181
421.72415	55.190315
423.82758	55.113686
425.93103	55.731007
428.03448	55.404282
430.13794	58.863895
432.24139	55.027771
434.34482	51.420929
436.44827	55.452469
438.55173	51.817131
440.65518	52.73003
442.75861	60.626968
444.86206	54.657692
446.96552	55.914612
449.06897	47.319252
451.17242	58.228626
453.27585	56.870834
455.3793	61.882576
457.48276	83.17968
459.58621	61.90871
461.68967	66.84449
463.79309	76.213593
465.89655	81.345078
468	81.666664
470.10345	82.869591
472.20691	80.04792
474.31033	82.85392
476.41379	91.296074
478.51724	95.736877
480.6207	97.977974
482.72415	116.89765
484.82758	113.4121
486.93103	118.84801
489.03448	132.45123
491.13794	138.49786
493.24139	156.49323
495.34482	170.12981
497.44827	198.0524
499.55173	240.34535
501.65518	298.50494
503.75861	385.42261
505.86206	527.14789
507.96552	765.41705
510.06897	1229.8472
512.17242	2382.7378
514.27588	6227.2856
516.37933	17016.297
518.48279	20321.574
520.58618	11297.001
522.68964	3959.0347
524.79309	1804.1372
526.89655	1062.7484
529	727.39209
531.10345	552.33105
533.20691	432.7439
535.31036	354.93588
537.41382	298.88699
539.51721	254.9041
541.62067	224.95541
543.72412	197.8101
545.82758	171.47552
547.93103	151.1888
550.03448	136.00728
552.13794	123.47502
554.24139	115.03709
556.34485	110.7855
558.4483	107.30985
560.5517	101.00688
562.65515	91.894302
564.75861	84.066223
566.86206	84.759552
568.96552	79.972557
571.06897	74.503769
573.17242	71.860321
575.27588	69.30912
577.37933	64.897552
579.48279	61.27853
581.58618	58.878887
583.68964	63.06155
585.79309	65.971199
587.89655	61.920555
590	60.871765
592.10345	61.397987
594.20691	60.865704
596.31036	60.935356
598.41382	63.080463
600.51721	63.11129
602.62067	59.333332
604.72412	60.549625
606.82758	64.366196
608.93103	67.605591
611.03448	69.094551
613.13794	72.042763
615.24139	72.339249
617.34485	69.025345
619.4483	66.263664
621.5517	66.455185
623.65515	66.051086
625.75861	62.53096
627.86206	61.340408
629.96552	59.2141
632.06897	60.48175
634.17242	61.417324
636.27588	58.383034
638.37933	54.743526
640.48279	56.15583
642.58618	56.491249
644.68964	55.385921
646.79309	55.136585
648.89655	54.685936
651	55.173584
653.10345	54.108143
655.20691	52.896282
657.31036	53.090496
659.41382	53.446323
661.51721	52.467537
663.62067	50.149422
665.72412	50.935116
667.82758	47.671925
669.93103	45.827812
672.03448	47.257435
674.13794	46.263813
676.24139	44.313408
678.34485	43.043682
680.4483	46.051792
682.5517	46.275867
684.65515	42.919147
686.75861	45.242985
688.86206	45.178703
690.96552	41.086723
693.06897	43.212566
695.17242	46.834606
697.27588	44.231026
699.37933	42.749985
701.48279	40.88361
703.58618	40.333332
705.68964	39.539413
707.79309	37.715527
709.89655	39.532543
712	41.120476
714.10345	38.19405
716.20691	38.539543
718.31036	42.816971
720.41382	44.239346
722.51721	41.254723
724.62067	41
726.72412	37.485878
728.82758	37.333332
730.93103	39.986507
733.03448	36.713333
735.13794	39.902031
737.24139	36.879539
739.34485	35.02422
741.4483	38.998688
743.5517	33.262497
745.65515	40.315575
747.75861	37.643929
749.86206	36.591339
751.96552	41.64957
754.06897	43.252151
756.17242	38.141106
758.27588	35.202465
760.37933	39.364727
762.48279	43.564713
764.58618	43.004589
766.68964	41.158779
768.79309	38.247932
770.89655	38.465977
773	39.253319
775.10345	38.23011
777.20691	43.594387
779.31036	44.841789
781.41382	41.682713
783.51721	42.916111
785.62067	42.898819
787.72412	38.721508
789.82758	40.732716
791.93103	44.86298
794.03448	44.073174
796.13794	42.38591
798.24139	43.47599
800.34485	44.766048
802.4483	43.146046
804.5517	45.960094
806.65515	52.065372
808.75861	47.415253
810.86206	51.527824
812.96552	47.920532
815.06897	47.342999
817.17242	47.012104
819.27588	54.892147
821.37933	51.730125
823.48279	52.097439
825.58618	46.961945
827.68964	49.105694
829.79309	48.903416
831.89655	45.592209
834	45.077103
836.10345	45.877686
838.20691	48.157082
840.31036	44.880936
842.41382	46.622726
844.51721	47.822739
846.62067	44.566475
848.72412	45.976673
850.82758	50.807484
852.93103	50.169857
855.03448	45.792355
857.13794	47.949371
859.24139	50.449642
861.34485	50.666668
863.4483	50.666668
865.5517	48.832863
867.65515	51.627041
869.75861	52.907864
871.86206	51.800014
873.96552	56.045757
876.06897	50.467106
878.17242	45.178082
880.27588	55.816021
882.37933	58.172997
884.48279	57.120209
886.58618	59.118324
888.68964	55.579533
890.79309	57.752739
892.89655	56.90094
895	56.608677
897.10345	58.69981
899.20691	54.574432
901.31036	54
903.41382	51.785725
905.51721	50.590176
907.62067	59.500385
909.72412	60.511345
911.82758	56.857704
913.93103	59.740196
916.03448	59.451042
918.13794	57.360794
920.24139	57
922.34485	53.66188
924.4483	65.129929
926.5517	68.357437
928.65515	77.172798
930.75861	88.088348
932.86206	101.29604
934.96552	121.545
937.06897	132.25391
939.17242	132.76393
941.27588	136.7883
943.37933	143.17496
945.48279	143.20317
947.58618	134.8105
949.68964	132.79221
951.79309	135.24806
953.89655	140.93071
956	136.04002
958.10345	131.84454
960.20691	129.3136
962.31036	128.38805
964.41382	125.96629
966.51721	119.40188
968.62067	121.64559
970.72412	106.76637
972.82758	116.71718
974.93103	121.36936
977.03448	110.74264
979.13794	111.29917
981.24139	106.55999
983.34485	102.42141
985.4483	103.97247
987.5517	103.3223
989.65515	93.979767
991.75861	85.071907
993.86206	78.030319
995.96552	75.432755
998.06897	73.058357
1000.1724	72.333336
1002.2759	63.893898
1004.3793	58.014099
1006.4828	53.051537
1008.5862	55.333328
1010.6896	55.438831
1012.7931	55.619236
1014.8965	51.627026
1017	50.899868
1019.1035	51.074448
1021.2069	47.590683
1023.3104	48.629803
1025.4138	47.642193
1027.5172	44.586056
1029.6207	45.86343
1031.7241	41.841667
1033.8276	40.514286
1035.931	37.052124
1038.0344	42.907997
1040.1379	39.187645
1042.2413	32.409241
1044.3448	35.522224
1046.4482	33.94973
1048.5518	34.096279
1050.6552	35.759888
1052.7587	35.310406
1054.8621	34.95657
1056.9656	34.5905
1059.069	32.305759
1061.1724	34.43087
1063.2759	36
1065.3793	33.530418
1067.4828	34.551868
1069.5862	34.708164
1071.6897	34.037716
1073.7931	35.682095
1075.8966	36.599628
1078	32.049622
1080.1034	32.260662
1082.2069	32.766464
1084.3103	35.380917
1086.4138	35.812401
1088.5172	33.008442
1090.6207	32.090828
1092.7241	34.370792
1094.8276	33.439262
1096.931	37.618141
1099.0344	33.877892
1101.1379	31.147022
1103.2413	32.664997
1105.3448	32.547066
1107.4482	31.579489
1109.5518	34.417549
1111.6552	33.698978
1113.7587	37.611053
1115.8621	37.049835
1117.9656	33.280273
1120.069	32.849033
1122.1724	35.889637
1124.2759	35.019577
1126.3793	31.605059
1128.4828	36.968449
1130.5862	34.427307
1132.6897	31.448282
1134.7931	33.287399
1136.8966	30.871111
1139	28.937296
1141.1034	26.450378
1143.2069	34.186848
1145.3103	32.098866
1147.4138	31.529011
1149.5172	33.68895
1151.6207	35.848522
1153.7241	33.819347
1155.8276	33.333332
1157.931	36.998058
1160.0344	32.063366
1162.1379	29.379755
1164.2413	31.984911
1166.3448	34.32682
1168.4482	34.044231
1170.5518	32.009743
1172.6552	29.989101
1174.7587	31.197811
1176.8621	30.847036
1178.9656	28.402489
1181.069	29.520163
1183.1724	28.669565
1185.2759	30.996111
1187.3793	33.994957
1189.4828	31.174362
1191.5862	31.873186
1193.6897	31.328676
1195.7931	32.32439
1197.8966	29.197262
1200	32.379074
