-20	21.357136
-17.896551	21.037445
-15.793103	18.297485
-13.689655	20.602711
-11.586206	34.387085
-9.4827585	147.49263
-7.3793101	1271.752
-5.2758622	9885.1943
-3.1724138	13820.161
-1.0689656	2079.635
1.0344827	320.73325
3.1379311	42.205349
5.2413793	27.624508
7.3448277	21.453133
9.4482756	18.306675
11.551724	21.339079
13.655172	21.238663
15.75862	19.623915
17.862068	20.846207
19.965517	20.371439
22.068966	18.529707
24.172413	18.796492
26.275862	19.455698
28.379311	18.673012
30.482759	19.605564
32.586208	19.183304
34.689655	18.069063
36.793102	19.617682
38.896553	17.565168
41	16.502951
43.103447	17.093641
45.206898	17.563646
47.310345	17.666666
49.413792	17.666666
51.517242	16.055124
53.620689	16.408167
55.724136	18.409674
57.827587	16.295717
59.931034	16.10552
62.034481	19.333073
64.137932	21.784485
66.241379	27.403791
68.344826	35.178051
70.448273	47.327007
72.551727	58.971207
74.655174	72.962082
76.758621	90.29792
78.862068	102.77394
80.965515	108.30284
83.068962	113.02696
85.172417	115.14419
87.275864	110.66158
89.379311	105.76102
91.482758	105.36913
93.586205	107.04671
95.689651	96.666664
97.793106	96.824615
99.896553	101.50788
102	95.93399
104.10345	89.714073
106.20689	85.545036
108.31035	87.538948
110.4138	88.447861
112.51724	86.350601
114.62069	81.976311
116.72414	79.963425
118.82758	77.649094
120.93104	73.801186
123.03448	75.054321
125.13793	76.15361
127.24138	76.72348
129.34483	76.518234
131.44827	72.546181
133.55173	70.3498
135.65517	72.512413
137.75862	72.958359
139.86208	73.544716
141.96552	76.196342
144.06897	73.960945
146.17241	78.889328
148.27586	76.467613
150.3793	71.627258
152.48276	71.787529
154.58621	69.477287
156.68965	64.40023
158.79311	63.029549
160.89655	62.995255
163	66.989952
165.10345	73.865623
167.20689	64.995972
169.31035	68.684883
171.41379	69.315475
173.51724	67.495872
175.6207	67.621689
177.72414	64.692352
179.82759	71.326874
181.93103	67.090073
184.03448	65.637032
186.13792	67.331856
188.24138	70.187057
190.34483	71.010788
192.44827	69.409737
194.55173	70.752632
196.65517	76.037888
198.75862	79.422699
200.86208	78.158417
202.96552	79.977089
205.06897	85.211266
207.17241	82.911842
209.27586	89.097687
211.3793	91.632973
213.48276	98.543365
215.58621	95.444221
217.68965	103.3989
219.79311	111.86008
221.89655	129.02345
224	145.91966
226.10345	147.11632
228.20689	150.59843
230.31035	152.30745
232.41379	146.95953
234.51724	143.1804
236.6207	148.49634
238.72414	152.30399
240.82759	148.21712
242.93103	155.34003
245.03448	156.47166
247.13792	153.78458
249.24138	164.1566
251.34483	162.38094
253.44827	175.38313
255.55173	170.00822
257.65518	171.28258
259.75861	180.21295
261.86206	176.91704
263.96552	181.88014
266.06897	178.78954
268.17242	191.60437
270.27585	202.90823
272.3793	206.32935
274.48276	209.97723
276.58621	214.89607
278.68967	219.15141
280.79309	227.62399
282.89655	236.61488
285	247.64958
287.10345	266.21671
289.20691	284.38168
291.31033	306.64862
293.41379	343.38669
295.51724	401.12378
297.6207	454.8873
299.72415	481.50537
301.82758	452.68158
303.93103	385.00317
306.03448	340.15543
308.13794	309.05099
310.24139	296.93741
312.34482	289.01978
314.44827	270.79251
316.55173	248.43788
318.65518	244.39847
320.75861	231.7758
322.86206	223.60313
324.96552	214.79381
327.06897	206.58842
329.17242	203.58157
331.27585	198.39354
333.3793	196.67487
335.48276	189.43584
337.58621	181.33955
339.68967	176.88492
341.79309	169.45728
343.89655	163.78714
346	159.14044
348.10345	159.49547
350.20691	161.43947
352.31033	154.71213
354.41379	157.20808
356.51724	154.6768
358.6207	149.10883
360.72415	141.65096
362.82758	143.63147
364.93103	143.0573
367.03448	139.57735
369.13794	137.78114
371.24139	145.22183
373.34482	134.1769
375.44827	138.30331
377.55173	135.37155
379.65518	136.45044
381.75861	135.54384
383.86206	133.70485
385.96552	129.66238
388.06897	128.41374
390.17242	130.2841
392.27585	129.12071
394.3793	126.97697
396.48276	128.0717
398.58621	124.82748
400.68967	124.33378
402.79309	126.6244
404.89655	129.53101
407	133.08156
409.10345	129.66885
411.20691	128.15268
413.31033	130.19514
415.41379	128.99709
417.51724	131.54443
419.6207	133.96725
421.72415	136.30997
423.82758	139.89293
425.93103	137.75899
428.03448	132.30029
430.13794	140.27719
432.24139	132.72084
434.34482	132.98936
436.44827	117.49615
438.55173	122.5942
440.65518	111.22486
442.75861	99.52993
444.86206	93.815216
446.96552	85.597641
449.06897	67.415497
451.17242	67.935448
453.27585	61.708336
455.3793	55.691174
457.48276	69.572105
459.58621	56.482281
461.68967	58.275017
463.79309	61.192726
465.89655	64.452271
468	64.972832
470.10345	68.909523
472.20691	70.218964
474.31033	71.202583
476.41379	76.167847
478.51724	72.813362
480.6207	69.258926
482.72415	79.697639
484.82758	88.142235
486.93103	95.626579
489.03448	99.623581
491.13794	101.33249
493.24139	104.60835
495.34482	120.11144
497.44827	140.5563
499.55173	170.09576
501.65518	199.23148
503.75861	237.07387
505.86206	326.44113
507.96552	469.46786
510.06897	757.43066
512.17242	1528.3688
514.27588	4250.1895
516.37933	10420.2
518.48279	10386.358
520.58618	4945.7783
522.68964	1766.1256
524.79309	869.23853
526.89655	531.85724
529	377.18134
531.10345	294.67435
533.20691	241.5675
535.31036	208.439
537.41382	182.66631
539.51721	155.59621
541.62067	138.87599
543.72412	130.09189
545.82758	118.45321
547.93103	108.90773
550.03448	106.39545
552.13794	99.005699
554.24139	92.276344
556.34485	91.49279
558.4483	86.68631
560.5517	79.02066
562.65515	72.395508
564.75861	70.477737
566.86206	70.380524
568.96552	68.865639
571.06897	67.614807
573.17242	67.301605
575.27588	68.69088
577.37933	71.724388
579.48279	68.18264
581.58618	64.484993
583.68964	64.851891
585.79309	67.048004
587.89655	70.110977
590	68.006378
592.10345	70.612076
594.20691	73.1343
596.31036	73.064644
598.41382	72.397873
600.51721	73.210442
602.62067	76.213364
604.72412	79.756866
606.82758	83.282005
608.93103	88.069832
611.03448	91.494995
613.13794	93.599243
615.24139	100.08186
617.34485	98.856598
619.4483	100.26175
621.5517	105.24229
623.65515	99.243813
625.75861	89.839272
627.86206	86.854607
629.96552	88.28141
632.06897	89.73967
634.17242	89.900787
636.27588	86.138092
638.37933	84.948425
640.48279	90.333336
642.58618	90.807083
644.68964	89.252121
646.79309	86.188156
648.89655	86.486511
651	91.010643
653.10345	90.089661
655.20691	89.620171
657.31036	96.327477
659.41382	94.884193
661.51721	91.180893
663.62067	94.275894
665.72412	100.96819
667.82758	100.90927
669.93103	97.752762
672.03448	98.317932
674.13794	92.58696
676.24139	89.557243
678.34485	84.518784
680.4483	80.788429
682.5517	86.054581
684.65515	82.196381
686.75861	77.325546
688.86206	76.666664
690.96552	73.420052
693.06897	74.600327
695.17242	69.885498
697.27588	67.421265
699.37933	63.333057
701.48279	63.783058
703.58618	65.891502
705.68964	63.157669
707.79309	60.176266
709.89655	58.29216
712	55.478931
714.10345	53.85844
716.20691	60.067745
718.31036	59.517746
720.41382	59.031326
722.51721	61.770748
724.62067	59.490993
726.72412	56.777611
728.82758	55.364189
730.93103	58.981449
733.03448	59.028
735.13794	60.814945
737.24139	55.109619
739.34485	51.429062
741.4483	56.908913
743.5517	56.520332
745.65515	60.798328
747.75861	61.107124
749.86206	58.520126
751.96552	61.324787
754.06897	63.171219
756.17242	65.635857
758.27588	68.275055
760.37933	69.62265
762.48279	69.584259
764.58618	72.104988
766.68964	71.120712
768.79309	68.293388
770.89655	69.200066
773	70.272011
775.10345	73.195702
777.20691	73.877579
779.31036	76.325272
781.41382	77.570374
783.51721	77.498886
785.62067	75.544685
787.72412	75.407883
789.82758	78.885452
791.93103	74.09993
794.03448	76.918686
796.13794	84.403801
798.24139	86.825333
800.34485	89.808846
802.4483	87.223602
804.5517	84.41217
806.65515	88.54628
808.75861	88.745461
810.86206	80.767288
812.96552	93.807434
815.06897	93.371986
817.17242	89.986885
819.27588	81.63533
821.37933	90.412834
823.48279	86.98291
825.58618	89.789078
827.68964	88.491875
829.79309	88.570084
831.89655	85.184418
834	86.374855
836.10345	90.175072
838.20691	85.931572
840.31036	85.381317
842.41382	88.101814
844.51721	86.37587
846.62067	85.492882
848.72412	82.34333
850.82758	83.807487
852.93103	87.509407
855.03448	86.86042
857.13794	84.177704
859.24139	90.077957
861.34485	90.014854
863.4483	88.167648
865.5517	86.166199
867.65515	85.666664
869.75861	87.103004
871.86206	88.533318
873.96552	93.045761
876.06897	83.230392
878.17242	85.622139
880.27588	83.317375
882.37933	89.019417
884.48279	92.24263
886.58618	92.901009
888.68964	98.666656
890.79309	96.514877
892.89655	91.232567
895	92.878273
897.10345	91.872208
899.20691	92.65966
901.31036	93.375793
903.41382	90.452393
905.51721	85.93222
907.62067	94.955803
909.72412	99.982132
911.82758	102.09355
913.93103	113.40057
916.03448	110.28785
918.13794	108.33334
920.24139	117.27328
922.34485	130.80528
924.4483	170.8969
926.5517	236.84892
928.65515	302.93204
930.75861	371.61505
932.86206	436.48129
934.96552	536.48016
937.06897	584.21136
939.17242	608.23785
941.27588	590.46863
943.37933	554.64319
945.48279	546.50592
947.58618	536.87531
949.68964	546.82574
951.79309	543.8761
953.89655	539.93073
956	521.84924
958.10345	525.19727
960.20691	518.49603
962.31036	518.67676
964.41382	501.58057
966.51721	515.62177
968.62067	488.22647
970.72412	480.01978
972.82758	471.44257
974.93103	454.45319
977.03448	455.43094
979.13794	445.28287
981.24139	428.45096
983.34485	397.01129
985.4483	364.49823
987.5517	335.78598
989.65515	282.11795
991.75861	241.03865
993.86206	214.00609
995.96552	196.87154
998.06897	178.85567
1000.1724	159.16769
1002.2759	147.22723
1004.3793	144.44914
1006.4828	122.90594
1008.5862	124.34901
1010.6896	122.76761
1012.7931	108.58923
1014.8965	113.41009
1017	97.938522
1019.1035	102.11445
1021.2069	98.163895
1023.3104	89.524887
1025.4138	83.167122
1027.5172	76.288315
1029.6207	73.450813
1031.7241	69.787285
1033.8276	62.161892
1035.931	54.216412
1038.0344	49.114975
1040.1379	48.026806
1042.2413	38.31815
1044.3448	37.464447
1046.4482	35.232796
1048.5518	35.812298
1050.6552	38.601688
1052.7587	36.609055
1054.8621	38.43679
1056.9656	36.666668
1059.069	37.388481
1061.1724	36.784565
1063.2759	34.201637
1065.3793	32.592457
1067.4828	36.911678
1069.5862	33.622459
1071.6897	34.257896
1073.7931	32.337189
1075.8966	32.960274
1078	36.035591
1080.1034	34.84201
1082.2069	36.666668
1084.3103	35.595295
1086.4138	33.239532
1088.5172	35.817295
1090.6207	37.106266
1092.7241	33.323494
1094.8276	34.604347
1096.931	34.363647
1099.0344	28.593328
1101.1379	32.916779
1103.2413	37.995319
1105.3448	34.85648
1107.4482	32.903419
1109.5518	31.750881
1111.6552	30.251944
1113.7587	32.522141
1115.8621	32.824123
1117.9656	32.36517
1120.069	31.362724
1122.1724	30.666891
1124.2759	33.475525
1126.3793	32.696365
1128.4828	34.123867
1130.5862	29.15036
1132.6897	32.431858
1134.7931	33.321949
1136.8966	26.674074
1139	27.905884
1141.1034	27.907227
1143.2069	28.040359
1145.3103	28.530819
1147.4138	28.934774
1149.5172	27.536985
1151.6207	29.020252
1153.7241	31.621988
1155.8276	31.387403
1157.931	28.668077
1160.0344	31.820395
1162.1379	26.813763
1164.2413	30.429871
1166.3448	29.10243
1168.4482	29.590384
1170.5518	28.014616
1172.6552	31.800827
1174.7587	30.498146
1176.8621	28.247717
1178.9656	28.885006
1181.069	26.567739
1183.1724	28.992268
1185.2759	26.55685
1187.3793	26.284927
1189.4828	29.730759
1191.5862	25.886644
1193.6897	26.804201
1195.7931	27.306503
1197.8966	27.134115
1200	29.501478
