-20	20.285736
-17.896551	20.037445
-15.793103	22.972765
-13.689655	23.421997
-11.586206	29.693544
-9.4827585	158.30826
-7.3793101	1786.1493
-5.2758622	10765.994
-3.1724138	14356.963
-1.0689656	2214.7783
1.0344827	331.71014
3.1379311	38.958874
5.2413793	25.220686
7.3448277	23.369274
9.4482756	21.214672
11.551724	20.16523
13.655172	20
15.75862	20
17.862068	18.564062
19.965517	18.390472
22.068966	18.059412
24.172413	17.398247
26.275862	18.32658
28.379311	18.405565
30.482759	17.155478
32.586208	19.220812
34.689655	18.402397
36.793102	19.951014
38.896553	17.898502
41	17.666666
43.103447	16.906359
45.206898	19.430424
47.310345	19.630728
49.413792	19.920378
51.517242	19.055124
53.620689	16.503401
55.724136	16.487907
57.827587	18.388454
59.931034	17.807064
62.034481	19.04706
64.137932	23.709293
66.241379	28.491159
68.344826	45.905499
70.448273	60.992409
72.551727	67.042381
74.655174	85.071991
76.758621	103.62175
78.862068	115.36679
80.965515	129.54424
83.068962	138.17331
85.172417	138.96884
87.275864	137.64415
89.379311	131.42664
91.482758	126.77962
93.586205	121.65009
95.689651	123.30181
97.793106	123.2843
99.896553	131.7142
102	121.74153
104.10345	115.8903
106.20689	110.5777
108.31035	107.89719
110.4138	102.30074
112.51724	102.04594
114.62069	102.95521
116.72414	105.48381
118.82758	105.15945
120.93104	98.380066
123.03448	97.356804
125.13793	99.207375
127.24138	94.5606
129.34483	96.481964
131.44827	102.32875
133.55173	90.091759
135.65517	94.980759
137.75862	96.791809
139.86208	98.361801
141.96552	93.607315
144.06897	94.805283
146.17241	93.210526
148.27586	95.577148
150.3793	94.273392
152.48276	91.926712
154.58621	93.472
156.68965	91.867355
158.79311	87.350266
160.89655	84.74704
163	86.962875
165.10345	91.137596
167.20689	92.137215
169.31035	93.420731
171.41379	84.907806
173.51724	85.585396
175.6207	85.378311
177.72414	89.659599
179.82759	86.624252
181.93103	84.6287
184.03448	85.637032
186.13792	88.530083
188.24138	91.458031
190.34483	92.007195
192.44827	88.677155
194.55173	89.505264
196.65517	96.792511
198.75862	97.948463
200.86208	98.029701
202.96552	100.14771
205.06897	95.592018
207.17241	100.17217
209.27586	108.86568
211.3793	105.37966
213.48276	112.52261
215.58621	111.22212
217.68965	126.95792
219.79311	138.97087
221.89655	154.9563
224	168.24055
226.10345	171.35272
228.20689	163.20216
230.31035	153.94824
232.41379	159.42897
234.51724	171.05846
236.6207	174.80408
238.72414	176.58731
240.82759	176.98358
242.93103	176.39288
245.03448	185.17258
247.13792	179.83379
249.24138	197.49867
251.34483	192.42747
253.44827	193.56683
255.55173	197.99588
257.65518	197.35869
259.75861	208.35629
261.86206	204.95874
263.96552	202.94662
266.06897	208.19292
268.17242	211.90665
270.27585	232.15657
272.3793	240.99602
274.48276	237.40202
276.58621	240.21294
278.68967	245.25499
280.79309	252.29491
282.89655	263.50488
285	271.74573
287.10345	286.43094
289.20691	314.84143
291.31033	340.13086
293.41379	372.68564
295.51724	433.63538
297.6207	513.10144
299.72415	534.83875
301.82758	480.63577
303.93103	423.67761
306.03448	369.25125
308.13794	341.6741
310.24139	330.55508
312.34482	307.75455
314.44827	296.60391
316.55173	284.96527
318.65518	263.15308
320.75861	252.69527
322.86206	249.04582
324.96552	238.5701
327.06897	232.1254
329.17242	229.11708
331.27585	225.4313
333.3793	213.80359
335.48276	211.94247
337.58621	210.46417
339.68967	198.761
341.79309	191.63817
343.89655	191.416
346	191.68445
348.10345	187.20132
350.20691	187.72867
352.31033	182.05301
354.41379	173.82593
356.51724	173.90359
358.6207	183.88628
360.72415	174.41013
362.82758	171.08907
364.93103	174.84235
367.03448	176.52362
369.13794	166.41794
371.24139	171.91759
373.34482	168.17493
375.44827	167.6909
377.55173	160.47734
379.65518	157.05589
381.75861	155.54384
383.86206	154.24768
385.96552	150.85347
388.06897	145.44734
390.17242	146.92615
392.27585	150.81891
394.3793	149.06123
396.48276	143.32074
398.58621	143.92078
400.68967	147.06697
402.79309	146.27608
404.89655	145.54942
407	145.82518
409.10345	145.16689
411.20691	142.44829
413.31033	140.15041
415.41379	141.90019
417.51724	146.42221
419.6207	150.25357
421.72415	154.83473
423.82758	162.44481
425.93103	161.5231
428.03448	159.19307
430.13794	158.95309
432.24139	156.01666
434.34482	150.00858
436.44827	138.78581
438.55173	133.6266
440.65518	124.70248
442.75861	117.71645
444.86206	114.94583
446.96552	105.33215
449.06897	87.803596
451.17242	88.914505
453.27585	82.243752
455.3793	73.574211
457.48276	95.895988
459.58621	81.497185
461.68967	84.569473
463.79309	85.937508
465.89655	93.173553
468	97.034523
470.10345	93.724548
472.20691	100.71354
474.31033	102.82567
476.41379	113.52219
478.51724	109.47205
480.6207	114.9119
482.72415	127.9024
484.82758	134.62729
486.93103	150.69601
489.03448	157.29025
491.13794	166.49277
493.24139	181.10013
495.34482	197.61139
497.44827	225.25865
499.55173	261.80728
501.65518	327.85654
503.75861	420.3172
505.86206	564.67731
507.96552	829.74005
510.06897	1387.4017
512.17242	2806.5034
514.27588	7790.0679
516.37933	19090.998
518.48279	18944.283
520.58618	9027.3955
522.68964	3203.4268
524.79309	1555.4861
526.89655	967.63477
529	680.9007
531.10345	528.17023
533.20691	423.90939
535.31036	347.61273
537.41382	299.64453
539.51721	265.22568
541.62067	233.45393
543.72412	208.75652
545.82758	192.6768
547.93103	174.36104
550.03448	157.00932
552.13794	145.66606
554.24139	132.03709
556.34485	122.35956
558.4483	117.37646
560.5517	111.59229
562.65515	106.16737
564.75861	108.50055
566.86206	102.80524
568.96552	97.865639
571.06897	97.037018
573.17242	97.441284
575.27588	94.031761
577.37933	87.439407
579.48279	84.703201
581.58618	85.984726
583.68964	90.839203
585.79309	95.005219
587.89655	90.150902
590	92.19873
592.10345	90.253586
594.20691	88.06955
596.31036	86.920197
598.41382	88.499565
600.51721	97.625519
602.62067	102.67409
604.72412	106.50468
606.82758	111.47981
608.93103	113.3473
611.03448	116.79607
613.13794	121.43421
615.24139	124.10717
617.34485	125.8059
619.4483	125.1582
621.5517	122.30252
623.65515	115.00527
625.75861	107.325
627.86206	108.18087
629.96552	110.26603
632.06897	104.58403
634.17242	103.621
636.27588	107.69151
638.37933	105.79485
640.48279	105.08668
642.58618	102.71917
644.68964	105.50891
646.79309	107.71823
648.89655	105.83141
651	107.67199
653.10345	105.93839
655.20691	109.73462
657.31036	118.4349
659.41382	116.77402
661.51721	114.39023
663.62067	113.71263
665.72412	116.78117
667.82758	113.15187
669.93103	113.80572
672.03448	117.21231
674.13794	113.05933
676.24139	110.46268
678.34485	102.64983
680.4483	98
682.5517	98.646553
684.65515	94.83004
686.75861	96.242981
688.86206	93.446762
690.96552	86.463417
693.06897	82.914978
695.17242	81.610687
697.27588	81.333336
699.37933	79.333191
701.48279	82.742226
703.58618	74.391319
705.68964	70.608116
707.79309	74.108215
709.89655	75
712	75.560234
714.10345	71.956596
716.20691	74.824829
718.31036	72.961731
720.41382	70.85463
722.51721	77.131752
724.62067	69.512398
726.72412	69.638931
728.82758	69.341049
730.93103	71.323219
733.03448	73.93
735.13794	69.087082
737.24139	71.528992
739.34485	69.309875
741.4483	73.302971
743.5517	72.293831
745.65515	67.017754
747.75861	69.892876
749.86206	72.537666
751.96552	71.112823
754.06897	76.35154
756.17242	82.712883
758.27588	77.841484
760.37933	75.591103
762.48279	82.796089
764.58618	82.662079
766.68964	82.746056
768.79309	82.168045
770.89655	84.066162
773	84.535988
775.10345	82.402145
777.20691	79.930679
779.31036	82.821655
781.41382	88.190735
783.51721	90.315674
785.62067	88.019379
787.72412	89.747787
789.82758	90.152733
791.93103	89.322227
794.03448	88.983742
796.13794	91.508949
798.24139	96.356636
800.34485	95.623856
802.4483	91.556938
804.5517	97.527977
806.65515	101.27314
808.75861	102.8424
810.86206	106.94969
812.96552	104.82289
815.06897	107.90338
817.17242	110.33334
819.27588	110.07449
821.37933	102.4391
823.48279	104.72735
825.58618	111.5823
827.68964	110.78861
829.79309	108.45818
831.89655	103.33334
834	103.07711
836.10345	103.10551
838.20691	102.95128
840.31036	98.785728
842.41382	101.21687
844.51721	107.64531
846.62067	108.13911
848.72412	98.884987
850.82758	96.140823
852.93103	100.9748
855.03448	102.7993
857.13794	100.965
859.24139	102.2482
861.34485	102.85927
863.4483	102.91618
865.5517	107.71549
867.65515	104.05944
869.75861	107.02174
871.86206	106.46668
873.96552	108.21009
876.06897	98.882195
878.17242	99.533669
880.27588	111.44535
882.37933	114.26329
884.48279	121.68472
886.58618	112.51044
888.68964	109.24619
890.79309	113.22691
892.89655	116.46854
895	112.58478
897.10345	117.04462
899.20691	120.7589
901.31036	120.39703
903.41382	112.17952
905.51721	109.95085
907.62067	118.44739
909.72412	126.36906
911.82758	126.03004
913.93103	129.77696
916.03448	136.5717
918.13794	132.53596
920.24139	148.92488
922.34485	152.88052
924.4483	198.59227
926.5517	268.52811
928.65515	339.51981
930.75861	422.81607
932.86206	513.08386
934.96552	589.58533
937.06897	655.00336
939.17242	671.38196
941.27588	656.47693
943.37933	618.85895
945.48279	611.16467
947.58618	606.28766
949.68964	591.80054
951.79309	602.22467
953.89655	599.55902
956	589.05902
958.10345	585.80048
960.20691	573.75751
962.31036	565.93011
964.41382	565.88763
966.51721	562.86761
968.62067	549.10797
970.72412	552.37762
972.82758	532.09778
974.93103	531.64032
977.03448	516.56415
979.13794	483.96094
981.24139	472.91605
983.34485	457.65228
985.4483	418.62915
987.5517	364.44162
989.65515	310.49454
991.75861	274.92523
993.86206	239.13037
995.96552	214.56749
998.06897	203.94449
1000.1724	187.65009
1002.2759	169.49156
1004.3793	161.12991
1006.4828	145.50267
1008.5862	145.14522
1010.6896	139.99695
1012.7931	129.16104
1014.8965	130.24937
1017	122.87834
1019.1035	114.37778
1021.2069	110.1345
1023.3104	103.21739
1025.4138	94.650047
1027.5172	89.64489
1029.6207	90.866341
1031.7241	82.93158
1033.8276	70.695221
1035.931	65.274872
1038.0344	64.06897
1040.1379	55.361889
1042.2413	55.265015
1044.3448	52.102222
1046.4482	49.616398
1048.5518	49.118526
1050.6552	49.079098
1052.7587	50.195473
1054.8621	49.076626
1056.9656	48.399151
1059.069	47
1061.1724	48.620583
1063.2759	45.395557
1065.3793	46.049873
1067.4828	48.346573
1069.5862	42.829948
1071.6897	46.717121
1073.7931	42.352615
1075.8966	44.080074
1078	45.099247
1080.1034	44.140629
1082.2069	41.828323
1084.3103	48.357212
1086.4138	46.142376
1088.5172	45.172573
1090.6207	43.810627
1092.7241	41.323494
1094.8276	41.65731
1096.931	42.854542
1099.0344	44.707371
1101.1379	40.98521
1103.2413	43.663658
1105.3448	45.215282
1107.4482	47.710255
1109.5518	45.344742
1111.6552	43.780369
1113.7587	42.73362
1115.8621	38.69556
1117.9656	41.031834
1120.069	40.226452
1122.1724	39.222298
1124.2759	38.590675
1126.3793	44.608368
1128.4828	44.209465
1130.5862	45.295742
1132.6897	41.666668
1134.7931	41.371681
1136.8966	39.878517
1139	39.458862
1141.1034	36.367855
1143.2069	42.040359
1145.3103	39.419868
1147.4138	40.721088
1149.5172	43
1151.6207	41.989876
1153.7241	43.901318
1155.8276	40.96405
1157.931	39.667198
1160.0344	38.676041
1162.1379	35.325504
1164.2413	37.488682
1166.3448	39.762581
1168.4482	40.787178
1170.5518	39.671539
1172.6552	38.757233
1174.7587	36.355301
1176.8621	36.076485
1178.9656	34.954159
1181.069	38.011024
1183.1724	36.33913
1185.2759	40.556854
1187.3793	39.837116
1189.4828	40.810242
1191.5862	35.879913
1193.6897	37.417259
1195.7931	40.153252
1197.8966	43.270187
1200	41.308983
